-0.0000000000
0.0613641632
0.1230206471
0.1849694518
0.2472105771
0.3089320211
0.3686397004
0.4263011349
0.4819163245
0.5354852693
0.5870079693
0.6364844243
0.6839146346
0.7291232900
0.7710585303
0.8095450454
0.8445828355
0.8761719004
0.9043122403
0.9290038550
0.9502467445
0.9680333405
0.9820154916
0.9920039852
0.9979988214
1.0000000000
0.9980075212
0.9920213848
0.9820415910
0.9680681397
0.9502873436
0.9290420181
0.9043396156
0.8761801362
0.8445635799
0.8094899467
0.7709592366
0.7289714495
0.6837092034
0.6362682054
0.5868310733
0.5353978073
0.4819684073
0.4265428733
0.3691212053
0.3097034033
0.2483171915
0.1862378824
0.1241585808
0.0620792867
0.0000000000
-0.0620792792
-0.1241585510
-0.1862378153
-0.2483170721
-0.3097032376
-0.3691210371
-0.4265427474
-0.4819683684
-0.5353979001
-0.5868313426
-0.6362686958
-0.6837099598
-0.7289724794
-0.7709603236
-0.8094908374
-0.8445640207
-0.8761798736
-0.9043383960
-0.9290395880
-0.9502834495
-0.9680625521
-0.9820351856
-0.9920156381
-0.9980039096
-1.0000000000
-0.9980039094
-0.9920156377
-0.9820351850
-0.9680625512
-0.9502834485
-0.9290395870
-0.9043383953
-0.8761798734
-0.8445640212
-0.8094908388
-0.7709603261
-0.7289724832
-0.6837099650
-0.6362687014
-0.5868313471
-0.5353979024
-0.4819683671
-0.4265427412
-0.3691210248
-0.3097032179
-0.2483170439
-0.1862377829
-0.1241585220
-0.0620792610
-0.0000000000
0.0620792610
0.1241585220
0.1862377829
0.2483170439
0.3097032179
0.3691210248
0.4265427412
0.4819683671
0.5353979024
0.5868313471
0.6362687014
0.6837099650
0.7289724832
0.7709603261
0.8094908388
0.8445640212
0.8761798734
0.9043383953
0.9290395870
0.9502834485
0.9680625512
0.9820351850
0.9920156377
0.9980039094
1.0000000000
0.9980039096
0.9920156381
0.9820351856
0.9680625521
0.9502834495
0.9290395880
0.9043383960
0.8761798736
0.8445640207
0.8094908374
0.7709603236
0.7289724794
0.6837099598
0.6362686958
0.5868313426
0.5353979001
0.4819683684
0.4265427474
0.3691210371
0.3097032376
0.2483170721
0.1862378153
0.1241585510
0.0620792792
0.0000000000
-0.0620792867
-0.1241585808
-0.1862378824
-0.2483171915
-0.3097034033
-0.3691212053
-0.4265428733
-0.4819684073
-0.5353978073
-0.5868310733
-0.6362682054
-0.6837092034
-0.7289714495
-0.7709592366
-0.8094899467
-0.8445635799
-0.8761801362
-0.9043396156
-0.9290420181
-0.9502873436
-0.9680681397
-0.9820415910
-0.9920213848
-0.9980075212
-1.0000000000
-0.9979988214
-0.9920039852
-0.9820154916
-0.9680333405
-0.9502467445
-0.9290038550
-0.9043122403
-0.8761719004
-0.8445828355
-0.8095450454
-0.7710585303
-0.7291232900
-0.6839146346
-0.6364844243
-0.5870079693
-0.5354852693
-0.4819163245
-0.4263011349
-0.3686397004
-0.3089320211
-0.2472105771
-0.1849694518
-0.1230206471
-0.0613641632
-0.0000000000
