0
25
-6.2831853072 0.0000000000
-5.7595865316 0.5000000000
-5.2359877560 0.8660254038
-4.7123889804 1.0000000000
-4.1887902048 0.8660254038
-3.6651914292 0.5000000000
-3.1415926536 -0.0000000000
-2.6179938780 -0.5000000000
-2.0943951024 -0.8660254038
-1.5707963268 -1.0000000000
-1.0471975512 -0.8660254038
-0.5235987756 -0.5000000000
0.0000000000 0.0000000000
0.5235987756 0.5000000000
1.0471975512 0.8660254038
1.5707963268 1.0000000000
2.0943951024 0.8660254038
2.6179938780 0.5000000000
3.1415926536 0.0000000000
3.6651914292 -0.5000000000
4.1887902048 -0.8660254038
4.7123889804 -1.0000000000
5.2359877560 -0.8660254038
5.7595865316 -0.5000000000
6.2831853072 0.0000000000
-6.2831853072
6.2831853072
200
